{
  "run_1": {
    "Accuracy": 0.793,
    "Precision": 0.795239024398564,
    "Recall": 0.793,
    "F1": 0.7925706551495995
  },
  "run_2": {
    "Accuracy": 0.805,
    "Precision": 0.8056109579615937,
    "Recall": 0.805,
    "F1": 0.8047095700204514
  },
  "run_3": {
    "Accuracy": 0.7985,
    "Precision": 0.8008647556477098,
    "Recall": 0.7985,
    "F1": 0.7981580518342577
  }
}
