{
  "run_1": {
    "Accuracy": 0.811,
    "Precision": 0.8145642555829715,
    "Recall": 0.811,
    "F1": 0.8108722139466467
  },
  "run_2": {
    "Accuracy": 0.827,
    "Precision": 0.8276568041561658,
    "Recall": 0.827,
    "F1": 0.826017973910428
  },
  "run_3": {
    "Accuracy": 0.821,
    "Precision": 0.8251032168130884,
    "Recall": 0.821,
    "F1": 0.8208549347485607
  }
}
