Auto-generated notes for run_2
Updated: 2025-11-05T19:21:47.358039Z

- AST_Parse_Rate: 1.0
- TextSim_Avg: 0.04661257702428245
- UndefinedRef_Avg: 0.0
- pass@1_proxy: 0.0
